2 0.8421875 0.0734375 0.034375 0.053125
4 0.8078125 0.0734375 0.034375 0.053125
3 0.7734375 0.0734375 0.034375 0.053125
25 0.7390625 0.0734375 0.034375 0.053125
5 0.7046875 0.0734375 0.034375 0.053125
18 0.659375 0.0734375 0.034375 0.053125
24 0.625 0.0734375 0.034375 0.053125
14 0.590625 0.0734375 0.034375 0.053125
5 0.55625 0.0734375 0.034375 0.053125
0 0.5140625 0.0734375 0.034375 0.053125
2 0.4796875 0.0734375 0.034375 0.053125
3 0.4453125 0.0734375 0.034375 0.053125
24 0.4109375 0.0734375 0.034375 0.053125
12 0.3765625 0.0734375 0.034375 0.053125
24 0.334375 0.0734375 0.034375 0.053125
19 0.3 0.0734375 0.034375 0.053125
20 0.265625 0.0734375 0.034375 0.053125
2 0.2203125 0.0734375 0.034375 0.053125
21 0.1859375 0.0734375 0.034375 0.053125
13 0.8421875 0.1265625 0.034375 0.053125
7 0.8078125 0.1265625 0.034375 0.053125
5 0.7734375 0.1265625 0.034375 0.053125
24 0.728125 0.1265625 0.034375 0.053125
25 0.69375 0.1265625 0.034375 0.053125
5 0.659375 0.1265625 0.034375 0.053125
25 0.625 0.1265625 0.034375 0.053125
24 0.590625 0.1265625 0.034375 0.053125
20 0.55625 0.1265625 0.034375 0.053125
25 0.521875 0.1265625 0.034375 0.053125
17 0.4765625 0.1265625 0.034375 0.053125
24 0.4421875 0.1265625 0.034375 0.053125
6 0.4078125 0.1265625 0.034375 0.053125
25 0.3734375 0.1265625 0.034375 0.053125
5 0.3390625 0.1265625 0.034375 0.053125
9 0.29375 0.1265625 0.034375 0.053125
5 0.259375 0.1265625 0.034375 0.053125
21 0.225 0.1265625 0.034375 0.053125
5 0.190625 0.1265625 0.034375 0.053125
17 0.8421875 0.1796875 0.034375 0.053125
24 0.8 0.1796875 0.034375 0.053125
25 0.765625 0.1796875 0.034375 0.053125
2 0.73125 0.1796875 0.034375 0.053125
0 0.696875 0.1796875 0.034375 0.053125
6 0.6515625 0.1796875 0.034375 0.053125
9 0.6171875 0.1796875 0.034375 0.053125
11 0.5828125 0.1796875 0.034375 0.053125
20 0.5484375 0.1796875 0.034375 0.053125
2 0.5140625 0.1796875 0.034375 0.053125
24 0.471875 0.1796875 0.034375 0.053125
11 0.4375 0.1796875 0.034375 0.053125
13 0.403125 0.1796875 0.034375 0.053125
6 0.36875 0.1796875 0.034375 0.053125
20 0.334375 0.1796875 0.034375 0.053125
11 0.3 0.1796875 0.034375 0.053125
5 0.265625 0.1796875 0.034375 0.053125
2 0.2203125 0.1796875 0.034375 0.053125
2 0.1859375 0.1796875 0.034375 0.053125
12 0.8421875 0.2328125 0.034375 0.053125
2 0.796875 0.2328125 0.034375 0.053125
16 0.7625 0.2328125 0.034375 0.053125
17 0.728125 0.2328125 0.034375 0.053125
2 0.69375 0.2328125 0.034375 0.053125
5 0.6484375 0.2328125 0.034375 0.053125
20 0.6140625 0.2328125 0.034375 0.053125
9 0.5796875 0.2328125 0.034375 0.053125
24 0.5453125 0.2328125 0.034375 0.053125
13 0.5109375 0.2328125 0.034375 0.053125
5 0.4765625 0.2328125 0.034375 0.053125
19 0.434375 0.2328125 0.034375 0.053125
2 0.4 0.2328125 0.034375 0.053125
25 0.365625 0.2328125 0.034375 0.053125
1 0.33125 0.2328125 0.034375 0.053125
17 0.2890625 0.2328125 0.034375 0.053125
0 0.2546875 0.2328125 0.034375 0.053125
19 0.2203125 0.2328125 0.034375 0.053125
25 0.1859375 0.2328125 0.034375 0.053125
19 0.8421875 0.2859375 0.034375 0.053125
25 0.8078125 0.2859375 0.034375 0.053125
11 0.7734375 0.2859375 0.034375 0.053125
13 0.7390625 0.2859375 0.034375 0.053125
25 0.7046875 0.2859375 0.034375 0.053125
10 0.6703125 0.2859375 0.034375 0.053125
5 0.628125 0.2859375 0.034375 0.053125
19 0.59375 0.2859375 0.034375 0.053125
2 0.559375 0.2859375 0.034375 0.053125
20 0.525 0.2859375 0.034375 0.053125
2 0.4828125 0.2859375 0.034375 0.053125
6 0.4484375 0.2859375 0.034375 0.053125
25 0.4140625 0.2859375 0.034375 0.053125
10 0.3796875 0.2859375 0.034375 0.053125
13 0.334375 0.2859375 0.034375 0.053125
17 0.3 0.2859375 0.034375 0.053125
0 0.265625 0.2859375 0.034375 0.053125
25 0.23125 0.2859375 0.034375 0.053125
19 0.196875 0.2859375 0.034375 0.053125
5 0.8421875 0.3390625 0.034375 0.053125
6 0.8078125 0.3390625 0.034375 0.053125
25 0.7734375 0.3390625 0.034375 0.053125
9 0.7390625 0.3390625 0.034375 0.053125
24 0.69375 0.3390625 0.034375 0.053125
9 0.659375 0.3390625 0.034375 0.053125
1 0.625 0.3390625 0.034375 0.053125
19 0.590625 0.3390625 0.034375 0.053125
24 0.55625 0.3390625 0.034375 0.053125
20 0.521875 0.3390625 0.034375 0.053125
5 0.4765625 0.3390625 0.034375 0.053125
11 0.4421875 0.3390625 0.034375 0.053125
9 0.4078125 0.3390625 0.034375 0.053125
6 0.3734375 0.3390625 0.034375 0.053125
11 0.3390625 0.3390625 0.034375 0.053125
5 0.3046875 0.3390625 0.034375 0.053125
5 0.259375 0.3390625 0.034375 0.053125
10 0.225 0.3390625 0.034375 0.053125
26 0.1828125 0.3390625 0.034375 0.053125
16 0.8421875 0.3921875 0.034375 0.053125
12 0.8078125 0.3921875 0.034375 0.053125
24 0.7625 0.3921875 0.034375 0.053125
26 0.728125 0.3921875 0.034375 0.053125
5 0.69375 0.3921875 0.034375 0.053125
2 0.659375 0.3921875 0.034375 0.053125
25 0.6171875 0.3921875 0.034375 0.053125
3 0.5828125 0.3921875 0.034375 0.053125
1 0.5484375 0.3921875 0.034375 0.053125
21 0.503125 0.3921875 0.034375 0.053125
1 0.46875 0.3921875 0.034375 0.053125
24 0.434375 0.3921875 0.034375 0.053125
17 0.3890625 0.3921875 0.034375 0.053125
23 0.3546875 0.3921875 0.034375 0.053125
25 0.3203125 0.3921875 0.034375 0.053125
20 0.2859375 0.3921875 0.034375 0.053125
25 0.240625 0.3921875 0.034375 0.053125
3 0.20625 0.3921875 0.034375 0.053125
10 0.8421875 0.4453125 0.034375 0.053125
24 0.796875 0.4453125 0.034375 0.053125
5 0.7625 0.4453125 0.034375 0.053125
7 0.728125 0.4453125 0.034375 0.053125
24 0.69375 0.4453125 0.034375 0.053125
5 0.659375 0.4453125 0.034375 0.053125
13 0.625 0.4453125 0.034375 0.053125
25 0.590625 0.4453125 0.034375 0.053125
3 0.5484375 0.4453125 0.034375 0.053125
7 0.5140625 0.4453125 0.034375 0.053125
17 0.4796875 0.4453125 0.034375 0.053125
0 0.4453125 0.4453125 0.034375 0.053125
0 0.403125 0.4453125 0.034375 0.053125
11 0.36875 0.4453125 0.034375 0.053125
0 0.3234375 0.4453125 0.034375 0.053125
6 0.2890625 0.4453125 0.034375 0.053125
17 0.2546875 0.4453125 0.034375 0.053125
12 0.2203125 0.4453125 0.034375 0.053125
1 0.178125 0.4453125 0.034375 0.053125
25 0.8421875 0.4984375 0.034375 0.053125
12 0.8078125 0.4984375 0.034375 0.053125
24 0.7625 0.4984375 0.034375 0.053125
19 0.728125 0.4984375 0.034375 0.053125
11 0.69375 0.4984375 0.034375 0.053125
0 0.659375 0.4984375 0.034375 0.053125
24 0.625 0.4984375 0.034375 0.053125
9 0.590625 0.4984375 0.034375 0.053125
0 0.5484375 0.4984375 0.034375 0.053125
14 0.5140625 0.4984375 0.034375 0.053125
25 0.4796875 0.4984375 0.034375 0.053125
2 0.434375 0.4984375 0.034375 0.053125
14 0.4 0.4984375 0.034375 0.053125
16 0.365625 0.4984375 0.034375 0.053125
3 0.33125 0.4984375 0.034375 0.053125
20 0.296875 0.4984375 0.034375 0.053125
2 0.2515625 0.4984375 0.034375 0.053125
16 0.2171875 0.4984375 0.034375 0.053125
19 0.1828125 0.4984375 0.034375 0.053125
9 0.8421875 0.5515625 0.034375 0.053125
1 0.8078125 0.5515625 0.034375 0.053125
26 0.7734375 0.5515625 0.034375 0.053125
17 0.7390625 0.5515625 0.034375 0.053125
11 0.696875 0.5515625 0.034375 0.053125
0 0.6625 0.5515625 0.034375 0.053125
7 0.628125 0.5515625 0.034375 0.053125
9 0.59375 0.5515625 0.034375 0.053125
24 0.5484375 0.5515625 0.034375 0.053125
9 0.5140625 0.5515625 0.034375 0.053125
2 0.4796875 0.5515625 0.034375 0.053125
23 0.4453125 0.5515625 0.034375 0.053125
1 0.4109375 0.5515625 0.034375 0.053125
9 0.365625 0.5515625 0.034375 0.053125
1 0.33125 0.5515625 0.034375 0.053125
2 0.296875 0.5515625 0.034375 0.053125
24 0.2625 0.5515625 0.034375 0.053125
3 0.228125 0.5515625 0.034375 0.053125
7 0.19375 0.5515625 0.034375 0.053125
5 0.8421875 0.6046875 0.034375 0.053125
5 0.8 0.6046875 0.034375 0.053125
17 0.765625 0.6046875 0.034375 0.053125
0 0.73125 0.6046875 0.034375 0.053125
5 0.6890625 0.6046875 0.034375 0.053125
11 0.6546875 0.6046875 0.034375 0.053125
24 0.6203125 0.6046875 0.034375 0.053125
19 0.5859375 0.6046875 0.034375 0.053125
0 0.540625 0.6046875 0.034375 0.053125
16 0.50625 0.6046875 0.034375 0.053125
13 0.471875 0.6046875 0.034375 0.053125
5 0.4375 0.6046875 0.034375 0.053125
5 0.3953125 0.6046875 0.034375 0.053125
19 0.3609375 0.6046875 0.034375 0.053125
2 0.3265625 0.6046875 0.034375 0.053125
21 0.2921875 0.6046875 0.034375 0.053125
2 0.25 0.6046875 0.034375 0.053125
13 0.215625 0.6046875 0.034375 0.053125
25 0.18125 0.6046875 0.034375 0.053125
5 0.8421875 0.6578125 0.034375 0.053125
10 0.8078125 0.6578125 0.034375 0.053125
24 0.7625 0.6578125 0.034375 0.053125
11 0.728125 0.6578125 0.034375 0.053125
21 0.69375 0.6578125 0.034375 0.053125
25 0.659375 0.6578125 0.034375 0.053125
15 0.625 0.6578125 0.034375 0.053125
11 0.5796875 0.6578125 0.034375 0.053125
19 0.5453125 0.6578125 0.034375 0.053125
21 0.5109375 0.6578125 0.034375 0.053125
11 0.4765625 0.6578125 0.034375 0.053125
24 0.4421875 0.6578125 0.034375 0.053125
20 0.4078125 0.6578125 0.034375 0.053125
0 0.3625 0.6578125 0.034375 0.053125
11 0.328125 0.6578125 0.034375 0.053125
17 0.29375 0.6578125 0.034375 0.053125
24 0.2515625 0.6578125 0.034375 0.053125
6 0.2171875 0.6578125 0.034375 0.053125
25 0.1828125 0.6578125 0.034375 0.053125
18 0.8421875 0.7109375 0.034375 0.053125
11 0.8078125 0.7109375 0.034375 0.053125
13 0.7734375 0.7109375 0.034375 0.053125
25 0.7390625 0.7109375 0.034375 0.053125
25 0.69375 0.7109375 0.034375 0.053125
17 0.659375 0.7109375 0.034375 0.053125
3 0.625 0.7109375 0.034375 0.053125
0 0.5828125 0.7109375 0.034375 0.053125
9 0.5484375 0.7109375 0.034375 0.053125
5 0.5140625 0.7109375 0.034375 0.053125
